0 0.801197 0 0.198803
1 0.122688 0.255531 0.621781
2 0.0474328 0 0.952567
3 0.0426828 0 0.957317
4 0.00295117 0.0155942 0.981455
5 0.0131271 0 0.986873
6 0.0127404 0 0.98726
7 0.0093374 0 0.990663
8 0.00926318 0.00133696 0.9894
9 0.00809903 0 0.991901
10 0.00706241 0.00179846 0.991139
11 0.00585187 0 0.994148
12 0.00108607 0.00569175 0.993222
13 0.00560433 0 0.994396
14 0.00551039 0 0.99449
15 0.00545323 0 0.994547
16 0.00497013 0.00178736 0.993243
17 0 0.00469114 0.995309
18 0.00445123 0 0.995549
19 0.00385268 0 0.996147
20 0 0.00343899 0.996561
21 0.00341088 0.00135229 0.995237
22 0.00324464 0 0.996755
23 0.00303561 0 0.996964
24 0.00263671 0.00195135 0.995412
25 0.0025394 0 0.997461
26 0 0.00251185 0.997488
27 0.00241705 0 0.997583
28 0.00226196 0 0.997738
29 0.00214133 0 0.997859
30 0.00196223 0 0.998038
31 0.00194468 0 0.998055
32 0.00191932 0.00123532 0.996845
33 0.00162188 0.00191404 0.996464
34 0.00187222 0.00156343 0.996564
35 0.00181378 0 0.998186
36 0.00177718 0 0.998223
37 0.00174564 0 0.998254
38 0.00168566 0 0.998314
39 0.00167527 0 0.998325
40 0 0.00161397 0.998386
41 0.00156196 0 0.998438
42 0.00144021 0 0.99856
43 0.00135901 0 0.998641
44 0.00135284 0 0.998647
45 0 0.00131766 0.998682
46 0.00131668 0 0.998683
47 0.00129207 0 0.998708
48 0.00129153 0 0.998708
49 0.00128058 0.00103314 0.997686
50 0.00125966 0 0.99874
51 0.00121437 0 0.998786
52 0 0.00112706 0.998873
53 0 0.00111665 0.998883
54 0 0.00111355 0.998886
55 0 0.00110624 0.998894
56 0.001105 0 0.998895
57 0.00109825 0 0.998902
58 0.0010747 0 0.998925
59 0.00106624 0 0.998934
60 0.00104684 0 0.998953
61 0.0010234 0 0.998977
62 0.465112 0 0.534888
63 0.0409732 0 0.959027
64 0 0.0397272 0.960273
65 0.0207496 0 0.97925
66 0.0118279 0 0.988172
67 0.00803886 0 0.991961
68 0.00717315 0 0.992827
69 0.00541152 0 0.994588
70 0.00426949 0 0.995731
71 0.00403757 0 0.995962
72 0.00371475 0.00142201 0.994863
73 0.00313097 0 0.996869
74 0.00302778 0 0.996972
75 0.00298259 0 0.997017
76 0.00288767 0 0.997112
77 0.00280262 0 0.997197
78 0.0027848 0 0.997215
79 0.00270673 0 0.997293
80 0 0.0025757 0.997424
81 0.00230076 0 0.997699
82 0.0022898 0 0.99771
83 0.00225344 0 0.997747
84 0.00225326 0 0.997747
85 0.00224145 0 0.997759
86 0.00223558 0 0.997764
87 0.00214142 0 0.997859
88 0.00211967 0 0.99788
89 0 0.00200886 0.997991
90 0.0019499 0 0.99805
91 0.00193462 0 0.998065
92 0.001903 0 0.998097
93 0.00187926 0 0.998121
94 0.00182819 0 0.998172
95 0.00181037 0 0.99819
96 0.00169178 0 0.998308
97 0.00158402 0 0.998416
98 0.00151855 0 0.998481
99 0.00149753 0 0.998502
100 0.0014779 0 0.998522
101 0 0.00147309 0.998527
102 0.00146889 0 0.998531
103 0.00146826 0 0.998532
104 0.00146571 0 0.998534
105 0 0.00145324 0.998547
106 0.00141949 0 0.998581
107 0.00140199 0 0.998598
108 0.00138076 0 0.998619
109 0 0.00131256 0.998687
110 0.00130754 0 0.998692
111 0 0.00130544 0.998695
112 0.00123445 0 0.998766
113 0.00122141 0 0.998779
114 0 0.00120593 0.998794
115 0.00118826 0 0.998812
116 0.00117067 0 0.998829
117 0.00108525 0 0.998915
118 0.00107673 0 0.998923
119 0.00106868 0 0.998931
120 0.00103668 0 0.998963
121 0.00101728 0 0.998983
122 0.00101317 0 0.998987
123 0.735853 0 0.264147
124 0.640398 0.00312472 0.356477
125 0.0699295 0.0242779 0.905793
126 0.0246904 0 0.97531
127 0.0151889 0.0161968 0.968614
128 0.0151379 0.00206807 0.982794
129 0.014535 0.00107548 0.98439
130 0 0.00910723 0.990893
131 0.00101189 0.00829254 0.990696
132 0.0071577 0 0.992842
133 0.00578121 0.00131362 0.992905
134 0.00574961 0.00175292 0.992497
135 0.00543852 0 0.994561
136 0.00474117 0 0.995259
137 0.00433515 0 0.995665
138 0.00404974 0 0.99595
139 0.0035888 0 0.996411
140 0.00338414 0 0.996616
141 0 0.00322109 0.996779
142 0.00317862 0 0.996821
143 0.00273018 0 0.99727
144 0.00266675 0 0.997333
145 0.00253645 0 0.997464
146 0.00249553 0 0.997504
147 0.00231603 0 0.997684
148 0.00227912 0 0.997721
149 0.00209142 0 0.997909
150 0.00206183 0 0.997938
151 0 0.00192679 0.998073
152 0.00181755 0 0.998182
153 0.0018064 0 0.998194
154 0.00179498 0 0.998205
155 0.00179227 0 0.998208
156 0.00175032 0 0.99825
157 0.00174599 0 0.998254
158 0.00170695 0 0.998293
159 0.00170205 0 0.998298
160 0.00165179 0 0.998348
161 0.00162357 0 0.998376
162 0.00157677 0 0.998423
163 0.00157376 0 0.998426
164 0.0015371 0 0.998463
165 0.00150238 0 0.998498
166 0.00146019 0 0.99854
167 0.00143872 0 0.998561
168 0.00141611 0 0.998584
169 0.00141549 0 0.998585
170 0.0014043 0 0.998596
171 0.00139285 0 0.998607
172 0.00121023 0 0.99879
173 0.00118482 0 0.998815
174 0.00117702 0 0.998823
175 0.00116995 0 0.99883
176 0.00115567 0 0.998844
177 0.00114414 0 0.998856
178 0.00113995 0 0.99886
179 0.001136 0 0.998864
180 0.00113168 0 0.998868
181 0.00112931 0 0.998871
182 0.00111748 0 0.998883
183 0.00111259 0 0.998887
184 0.00109433 0 0.998906
185 0.00107984 0 0.99892
186 0.0010157 0 0.998984
187 0.00101026 0 0.99899
188 0.00100829 0 0.998992
189 0 0.00100274 0.998997
190 0.785762 0 0.214238
191 0.438326 0 0.561674
192 0.262368 0 0.737632
193 0.220606 0 0.779394
194 0.123075 0 0.876925
195 0.0742148 0 0.925785
196 0.0661928 0 0.933807
197 0.0234789 0 0.976521
198 0.021783 0 0.978217
199 0.0194082 0 0.980592
200 0.0192137 0 0.980786
201 0.0149616 0 0.985038
202 0.0121385 0 0.987862
203 0.0121156 0 0.987884
204 0.0104829 0 0.989517
205 0.00913607 0 0.990864
206 0.00879451 0 0.991205
207 0.00851972 0 0.99148
208 0.00793703 0 0.992063
209 0 0.00747581 0.992524
210 0.00635837 0 0.993642
211 0 0.00618814 0.993812
212 0.00617722 0 0.993823
213 0.00500753 0 0.994992
214 0 0.00495604 0.995044
215 0.00409696 0 0.995903
216 0.00391892 0 0.996081
217 0.00391452 0 0.996085
218 0.00367081 0 0.996329
219 0.00258916 0 0.997411
220 0 0.00254906 0.997451
221 0.00241484 0 0.997585
222 0.00239476 0 0.997605
223 0.00224494 0.00116673 0.996588
224 0.00220541 0 0.997795
225 0.00218575 0 0.997814
226 0.00214111 0 0.997859
227 0 0.00202129 0.997979
228 0.00196421 0 0.998036
229 0.00185191 0 0.998148
230 0.00184318 0 0.998157
231 0.00183543 0 0.998165
232 0.00173076 0 0.998269
233 0.00170467 0 0.998295
234 0.00162911 0 0.998371
235 0.00134544 0 0.998655
236 0.00123293 0 0.998767
237 0.00122546 0 0.998775
238 0.00116316 0 0.998837
239 0.00115966 0 0.99884
240 0.00113865 0 0.998861
241 0.00112989 0 0.99887
242 0.00107628 0 0.998924
243 0.00105003 0 0.99895
244 0.00104888 0 0.998951
245 0 0.00102684 0.998973
246 0.00101071 0 0.998989
247 0 0.815111 0.184889
248 0.0851797 0 0.91482
249 0 0.0464743 0.953526
250 0.0241688 0.00313867 0.972692
251 0.0132394 0 0.986761
252 0.0107327 0.00571669 0.983551
253 0 0.00731635 0.992684
254 0 0.00191497 0.998085
255 0.00169055 0 0.998309
256 0.00168351 0 0.998316
257 0.00159835 0 0.998402
258 0 0.00119971 0.9988
259 0 0.00115986 0.99884
260 0.00114068 0 0.998859
261 0 0.00104183 0.998958
262 0 0.0288565 0.971144
263 0 0.0226707 0.977329
264 0.0119106 0 0.988089
265 0 0.00731257 0.992687
266 0 0.00511355 0.994886
267 0 0.00488429 0.995116
268 0 0.00470285 0.995297
269 0 0.00195478 0.998045
270 0 0.0018181 0.998182
271 0.00170683 0 0.998293
272 0 0.00170047 0.9983
273 0.00161907 0 0.998381
274 0.00160232 0 0.998398
275 0.00154407 0 0.998456
276 0.00141637 0 0.998584
277 0 0.00121916 0.998781
278 0 0.0012061 0.998794
279 0 0.00119985 0.9988
280 0.00119653 0 0.998803
281 0 0.00115433 0.998846
282 0 0.00114286 0.998857
283 0.00113544 0 0.998865
284 0 0.00105547 0.998945
285 0.0010443 0 0.998956
286 0.0281553 0 0.971845
287 0 0.00235429 0.997646
288 0.00214004 0 0.99786
289 0.00182569 0 0.998174
290 0 0.00143074 0.998569
291 0 0.0013131 0.998687
292 0 0.00130773 0.998692
293 0 0.0012634 0.998737
294 0 0.00121803 0.998782
295 0.0011886 0 0.998811
296 0.00116821 0 0.998832
297 0.00111414 0 0.998886
298 0 0.0124627 0.987537
299 0.001634 0 0.998366
300 0.00147761 0 0.998522
301 0.00128085 0 0.998719
302 0.00110065 0 0.998899
303 0 0.00109761 0.998902
304 0.0010852 0 0.998915
305 0 0.0010286 0.998971
306 0 0.716271 0.283729
307 0 0.0363053 0.963695
308 0.00876109 0.00163343 0.989605
309 0.00760628 0 0.992394
310 0.00747571 0.0040429 0.988481
311 0.00491523 0.00628507 0.9888
312 0.00620453 0 0.993795
313 0.00591875 0 0.994081
314 0.00586078 0.00196328 0.992176
315 0.00554405 0 0.994456
316 0.00392982 0.00509052 0.99098
317 0.00505076 0 0.994949
318 0.0049708 0 0.995029
319 0.00468855 0 0.995311
320 0.00179389 0.00450183 0.993704
321 0.00438388 0 0.995616
322 0.00391989 0 0.99608
323 0.00361322 0 0.996387
324 0.00337512 0 0.996625
325 0.00337424 0 0.996626
326 0.00307354 0 0.996926
327 0.00286257 0 0.997137
328 0.00279726 0 0.997203
329 0.00273812 0 0.997262
330 0.00270767 0 0.997292
331 0.00267165 0.00100701 0.996321
332 0.00264847 0 0.997352
333 0.00252078 0 0.997479
334 0.00239094 0 0.997609
335 0 0.00222901 0.997771
336 0.00217442 0 0.997826
337 0.00121087 0.00215998 0.996629
338 0 0.00209685 0.997903
339 0.00199439 0 0.998006
340 0 0.00194678 0.998053
341 0.00191888 0 0.998081
342 0.00189848 0.0017553 0.996346
343 0.00186725 0 0.998133
344 0.00178517 0 0.998215
345 0.0017748 0 0.998225
346 0.0017683 0 0.998232
347 0.00160409 0 0.998396
348 0.00159832 0 0.998402
349 0 0.00157736 0.998423
350 0.00155882 0 0.998441
351 0.00155122 0 0.998449
352 0.00145315 0.00147614 0.997071
353 0 0.00147426 0.998526
354 0.00140671 0 0.998593
355 0.00129267 0 0.998707
356 0.00126096 0.0010812 0.997658
357 0.00124512 0.00102175 0.997733
358 0.00120952 0 0.99879
359 0.00120904 0 0.998791
360 0 0.00113339 0.998867
361 0 0.00112222 0.998878
362 0 0.00112128 0.998879
363 0.00111771 0 0.998882
364 0.00110444 0 0.998896
365 0 0.00110171 0.998898
366 0.00108136 0 0.998919
367 0.00106605 0 0.998934
368 0.00106518 0 0.998935
369 0 0.00106265 0.998937
370 0.00105718 0 0.998943
371 0.00104138 0 0.998959
372 0 0.00102447 0.998976
373 0 0.0010131 0.998987
374 0 0.00101027 0.99899
375 0 0.00100554 0.998994
376 0.925849 0 0.0741508
377 0.00238531 0 0.997615
378 0.00162687 0 0.998373
379 0.00162477 0 0.998375
380 0.00161837 0 0.998382
381 0.00145279 0 0.998547
382 0 0.00137271 0.998627
383 0.00126551 0 0.998734
384 0 0.00115288 0.998847
385 0.00108212 0 0.998918
386 0 0.00106583 0.998934
387 0.00105666 0 0.998943
388 0 0.00357081 0.996429
389 0 0.00265476 0.997345
390 0 0.00163402 0.998366
391 0 0.00149358 0.998506
392 0 0.00140874 0.998591
393 0 0.00128568 0.998714
394 0 0.00123646 0.998764
395 0 0.00115023 0.99885
396 0 0.00111755 0.998882
397 0.0293962 0 0.970604
398 0.0253442 0 0.974656
399 0 0.0211129 0.978887
400 0.0125359 0.00363872 0.983825
401 0.00536965 0 0.99463
402 0 0.00479679 0.995203
403 0 0.00392778 0.996072
404 0 0.00318174 0.996818
405 0 0.00263056 0.997369
406 0 0.00240834 0.997592
407 0.00194786 0 0.998052
408 0 0.00180778 0.998192
409 0 0.00152873 0.998471
410 0 0.00152142 0.998479
411 0.00147428 0 0.998526
412 0 0.0014687 0.998531
413 0 0.00140877 0.998591
414 0 0.0013363 0.998664
415 0 0.00132538 0.998675
416 0 0.00127812 0.998722
417 0.00125678 0 0.998743
418 0 0.00120295 0.998797
419 0 0.00116678 0.998833
420 0 0.00113225 0.998868
421 0 0.00106996 0.99893
422 0.597317 0 0.402683
423 0 0.175676 0.824324
424 0.129629 0.0298946 0.840476
425 0.00226924 0.100129 0.897602
426 0 0.0868888 0.913111
427 0 0.0823681 0.917632
428 0 0.077318 0.922682
429 0 0.0690954 0.930905
430 0 0.0689829 0.931017
431 0 0.0602842 0.939716
432 0 0.0473145 0.952686
433 0 0.0407701 0.95923
434 0 0.0396381 0.960362
435 0 0.0328957 0.967104
436 0.0293313 0.00171792 0.968951
437 0 0.026436 0.973564
438 0.0263221 0.00175061 0.971927
439 0 0.0226122 0.977388
440 0 0.0207542 0.979246
441 0.0186155 0 0.981384
442 0 0.0152954 0.984705
443 0 0.0128261 0.987174
444 0 0.0104304 0.98957
445 0.00108857 0.00975608 0.989155
446 0 0.00753818 0.992462
447 0.00663659 0 0.993363
448 0 0.00657415 0.993426
449 0 0.00645217 0.993548
450 0 0.00592013 0.99408
451 0 0.00493747 0.995063
452 0 0.00449138 0.995509
453 0 0.00410289 0.995897
454 0 0.00409968 0.9959
455 0 0.00398646 0.996014
456 0 0.00395509 0.996045
457 0 0.00387451 0.996125
458 0 0.00329251 0.996707
459 0 0.00314081 0.996859
460 0 0.00300006 0.997
461 0.00182947 0.00293575 0.995235
462 0.00292685 0 0.997073
463 0 0.00284235 0.997158
464 0.00282626 0.00135744 0.995816
465 0 0.00252471 0.997475
466 0.00237557 0 0.997624
467 0 0.00232226 0.997678
468 0.00172353 0.00227602 0.996
469 0.00226908 0 0.997731
470 0 0.00214382 0.997856
471 0 0.00203074 0.997969
472 0 0.0020112 0.997989
473 0.00189985 0 0.9981
474 0 0.00189727 0.998103
475 0 0.00187383 0.998126
476 0.00123549 0.00183881 0.996926
477 0 0.00174218 0.998258
478 0 0.00168202 0.998318
479 0 0.00168087 0.998319
480 0.00164933 0 0.998351
481 0.00164702 0 0.998353
482 0 0.0016379 0.998362
483 0.00158101 0 0.998419
484 0.00153522 0 0.998465
485 0 0.00151851 0.998481
486 0.00143028 0 0.99857
487 0 0.00137996 0.99862
488 0.00130917 0 0.998691
489 0.00130549 0 0.998695
490 0.00127235 0 0.998728
491 0 0.00126507 0.998735
492 0 0.00125851 0.998741
493 0 0.00123785 0.998762
494 0.00121241 0 0.998788
495 0 0.00120949 0.998791
496 0 0.0012079 0.998792
497 0 0.00119351 0.998806
498 0 0.00118597 0.998814
499 0.00111292 0 0.998887
500 0 0.00108516 0.998915
501 0 0.00107682 0.998923
502 0 0.00107647 0.998924
503 0 0.00107243 0.998928
504 0 0.0010693 0.998931
505 0.00104992 0 0.99895
506 0 0.00103458 0.998965
507 0 0.00100423 0.998996
508 0.633376 0 0.366624
509 0.199761 0 0.800239
510 0.0704085 0 0.929592
511 0.02996 0 0.97004
512 0.0145058 0 0.985494
513 0.0117701 0 0.98823
514 0.00972053 0 0.990279
515 0.00814016 0 0.99186
516 0.00761134 0 0.992389
517 0.00737802 0 0.992622
518 0.00729882 0 0.992701
519 0.00697277 0 0.993027
520 0.00695016 0 0.99305
521 0.00622094 0 0.993779
522 0.00596253 0 0.994037
523 0.00586636 0 0.994134
524 0.00575478 0.0010463 0.993199
525 0.00542892 0 0.994571
526 0.0048614 0 0.995139
527 0.0045041 0 0.995496
528 0.00410456 0 0.995895
529 0.00407197 0 0.995928
530 0.00400202 0 0.995998
531 0.00385924 0 0.996141
532 0.00378797 0 0.996212
533 0.00363669 0 0.996363
534 0.00363109 0 0.996369
535 0.00354481 0 0.996455
536 0.00348938 0 0.996511
537 0.00295614 0 0.997044
538 0.00286569 0 0.997134
539 0.00283435 0 0.997166
540 0.00281489 0 0.997185
541 0.00268728 0 0.997313
542 0.00268595 0 0.997314
543 0.00260764 0 0.997392
544 0.00255311 0 0.997447
545 0.00248691 0 0.997513
546 0.00246196 0 0.997538
547 0.00246195 0 0.997538
548 0.00245982 0 0.99754
549 0.00245861 0 0.997541
550 0.00233054 0 0.997669
551 0.00227278 0 0.997727
552 0.00216959 0 0.99783
553 0.00213531 0 0.997865
554 0.00205078 0 0.997949
555 0.0020488 0 0.997951
556 0.0020403 0 0.99796
557 0.00191435 0 0.998086
558 0.00191344 0 0.998087
559 0.00188925 0 0.998111
560 0 0.00188687 0.998113
561 0.00188268 0 0.998117
562 0.00181366 0 0.998186
563 0.00177976 0 0.99822
564 0.0017738 0 0.998226
565 0.00172271 0 0.998277
566 0.00171219 0 0.998288
567 0.00167995 0 0.99832
568 0.00164324 0 0.998357
569 0.00161503 0 0.998385
570 0.0014964 0 0.998504
571 0 0.00145801 0.998542
572 0 0.00144459 0.998555
573 0.00144079 0 0.998559
574 0.00139979 0 0.9986
575 0.00131551 0 0.998684
576 0 0.00129116 0.998709
577 0.00128893 0 0.998711
578 0.0012375 0 0.998763
579 0.00122727 0 0.998773
580 0.00120672 0 0.998793
581 0.0011895 0 0.99881
582 0.00117944 0 0.998821
583 0 0.00115606 0.998844
584 0.00111625 0 0.998884
585 0.00109369 0 0.998906
586 0.0010892 0 0.998911
587 0 0.0010391 0.998961
588 0.00101666 0 0.998983
589 0.00100035 0 0.999
590 0.770036 0 0.229964
591 0.666954 0 0.333046
592 0.333726 0 0.666274
593 0.109568 0 0.890432
594 0.100375 0 0.899625
595 0.0687222 0 0.931278
596 0.0358 0 0.9642
597 0.0311563 0 0.968844
598 0.0297272 0 0.970273
599 0.0218885 0 0.978111
600 0.0208268 0 0.979173
601 0.0201031 0 0.979897
602 0.0167588 0 0.983241
603 0.0131117 0 0.986888
604 0.0125319 0 0.987468
605 0.011736 0.0012286 0.987035
606 0.0103939 0 0.989606
607 0.0097519 0 0.990248
608 0.00917111 0 0.990829
609 0.00881641 0 0.991184
610 0.00881235 0 0.991188
611 0 0.00729986 0.9927
612 0.00728986 0 0.99271
613 0 0.00724318 0.992757
614 0.00717815 0 0.992822
615 0 0.00679779 0.993202
616 0 0.00655228 0.993448
617 0 0.00650537 0.993495
618 0 0.0061878 0.993812
619 0 0.00609119 0.993909
620 0 0.00608333 0.993917
621 0 0.00593313 0.994067
622 0 0.00576509 0.994235
623 0 0.00563142 0.994369
624 0.00560289 0 0.994397
625 0.00558444 0 0.994416
626 0.0055667 0 0.994433
627 0.00554557 0 0.994454
628 0.00551379 0 0.994486
629 0 0.00544849 0.994552
630 0 0.00541401 0.994586
631 0 0.00538438 0.994616
632 0 0.00534548 0.994655
633 0.00533537 0 0.994665
634 0 0.00529441 0.994706
635 0.00525382 0 0.994746
636 0.00508739 0 0.994913
637 0.00500021 0 0.995
638 0 0.004979 0.995021
639 0 0.00477983 0.99522
640 0 0.0046556 0.995344
641 0 0.00462835 0.995372
642 0 0.00457706 0.995423
643 0 0.00450839 0.995492
644 0 0.00446207 0.995538
645 0 0.00431476 0.995685
646 0 0.00417078 0.995829
647 0 0.00415049 0.99585
648 0 0.00411077 0.995889
649 0 0.00402696 0.995973
650 0 0.00401426 0.995986
651 0 0.0039666 0.996033
652 0.00396413 0 0.996036
653 0 0.0039109 0.996089
654 0 0.003854 0.996146
655 0 0.00383569 0.996164
656 0.00371601 0 0.996284
657 0 0.00362722 0.996373
658 0 0.00358562 0.996414
659 0.00357546 0 0.996425
660 0 0.00348796 0.996512
661 0 0.00348399 0.996516
662 0 0.00347147 0.996529
663 0.00343328 0 0.996567
664 0 0.00341822 0.996582
665 0.00340249 0 0.996598
666 0 0.00339942 0.996601
667 0 0.00336986 0.99663
668 0.00330479 0 0.996695
669 0 0.00329299 0.996707
670 0 0.00324691 0.996753
671 0.00324371 0 0.996756
672 0.00312365 0 0.996876
673 0 0.00312333 0.996877
674 0 0.00306283 0.996937
675 0 0.00305824 0.996942
676 0 0.00305607 0.996944
677 0.0029636 0 0.997036
678 0 0.00295703 0.997043
679 0 0.00289387 0.997106
680 0 0.00283324 0.997167
681 0 0.00274062 0.997259
682 0 0.00273179 0.997268
683 0 0.00271997 0.99728
684 0 0.00269669 0.997303
685 0 0.00268513 0.997315
686 0.00268158 0 0.997318
687 0.00266973 0 0.99733
688 0.0026468 0 0.997353
689 0.00254247 0 0.997458
690 0.00251824 0 0.997482
691 0 0.00250673 0.997493
692 0.00246483 0 0.997535
693 0 0.00246465 0.997535
694 0 0.0023908 0.997609
695 0.00237308 0 0.997627
696 0 0.00236873 0.997631
697 0 0.00235582 0.997644
698 0 0.002285 0.997715
699 0.00221417 0 0.997786
700 0.0022004 0 0.9978
701 0 0.00216619 0.997834
702 0 0.00216202 0.997838
703 0.00215405 0 0.997846
704 0 0.00213359 0.997866
705 0 0.0020753 0.997925
706 0.00196515 0 0.998035
707 0.00195619 0 0.998044
708 0 0.00194689 0.998053
709 0.00189449 0 0.998106
710 0 0.00186064 0.998139
711 0.00184738 0 0.998153
712 0.00184389 0 0.998156
713 0 0.00178702 0.998213
714 0.00177533 0 0.998225
715 0 0.00175669 0.998243
716 0 0.00171367 0.998286
717 0.00169603 0 0.998304
718 0 0.00167495 0.998325
719 0.00167183 0 0.998328
720 0.00166036 0 0.99834
721 0 0.00161095 0.998389
722 0 0.00160709 0.998393
723 0 0.00153542 0.998465
724 0.00152879 0 0.998471
725 0.0014752 0 0.998525
726 0 0.00146157 0.998538
727 0 0.00141245 0.998588
728 0.00137924 0 0.998621
729 0 0.00135778 0.998642
730 0.00133164 0 0.998668
731 0 0.00127755 0.998722
732 0 0.00122744 0.998773
733 0.00122321 0 0.998777
734 0 0.00119347 0.998807
735 0.0011901 0 0.99881
736 0 0.00117985 0.99882
737 0 0.0011758 0.998824
738 0 0.00115553 0.998844
739 0 0.00113983 0.99886
740 0 0.00111704 0.998883
741 0 0.00111554 0.998884
742 0 0.00110302 0.998897
743 0 0.00109076 0.998909
744 0 0.00105421 0.998946
745 0.00102711 0 0.998973
746 0 0.00101986 0.99898
747 0 0.00101175 0.998988
748 0.0117587 0 0.988241
749 0.00451052 0 0.995489
750 0.00396221 0 0.996038
751 0.00335549 0 0.996645
752 0.00220104 0 0.997799
753 0.00194627 0 0.998054
754 0.00194545 0 0.998055
755 0.00194168 0 0.998058
756 0.00139585 0 0.998604
757 0.00105573 0 0.998944
758 0 0.00104895 0.998951
759 0.00103367 0 0.998966
760 0.680803 0 0.319197
761 0.0135139 0.00484795 0.981638
762 0 0.00632758 0.993672
763 0.00465118 0 0.995349
764 0.00416947 0 0.995831
765 0.00267885 0 0.997321
766 0.00249144 0 0.997509
767 0.0015928 0 0.998407
768 0.0015447 0 0.998455
769 0 0.00140914 0.998591
770 0.00123612 0 0.998764
771 0.00103421 0 0.998966
772 0.76237 0 0.23763
773 0.623327 0 0.376673
774 0.369939 0 0.630061
775 0.144023 0.00191279 0.854064
776 0.0227336 0 0.977266
777 0.0157556 0 0.984244
778 0.0146185 0 0.985382
779 0.00739818 0 0.992602
780 0.00387811 0 0.996122
781 0.00294332 0 0.997057
782 0.00266632 0 0.997334
783 0.00237462 0 0.997625
784 0.0023092 0 0.997691
785 0.00228248 0 0.997718
786 0.0019964 0 0.998004
787 0.00176752 0 0.998232
788 0.00163631 0 0.998364
789 0.00160899 0 0.998391
790 0.00153606 0 0.998464
791 0.0014845 0 0.998515
792 0.00144611 0 0.998554
793 0.00138215 0 0.998618
794 0.00137686 0 0.998623
795 0.00136219 0 0.998638
796 0.00133075 0 0.998669
797 0.00132619 0 0.998674
798 0.00120678 0 0.998793
799 0 0.00118578 0.998814
800 0.00112505 0 0.998875
801 0.00110129 0 0.998899
802 0 0.00105457 0.998945
803 0.00101687 0 0.998983
804 0.912867 0 0.0871331
805 0.350115 0 0.649885
806 0.148768 0 0.851232
807 0.12482 0 0.87518
808 0.0139998 0 0.986
809 0.0107161 0 0.989284
810 0.00860822 0 0.991392
811 0.00699872 0 0.993001
812 0.00668582 0 0.993314
813 0.0038816 0 0.996118
814 0.00296513 0 0.997035
815 0.00294026 0 0.99706
816 0.00213069 0 0.997869
817 0.0021031 0 0.997897
818 0.00180553 0 0.998194
819 0.00179187 0 0.998208
820 0.00178534 0 0.998215
821 0.00151536 0 0.998485
822 0.00140151 0 0.998598
823 0.0013465 0 0.998654
824 0.00127895 0 0.998721
825 0 0.00127666 0.998723
826 0.00118589 0 0.998814
827 0.00117846 0 0.998822
828 0.00116766 0 0.998832
829 0.00113985 0 0.99886
830 0.0011206 0 0.998879
831 0 0.00111346 0.998887
832 0.00100256 0 0.998997
833 0.00100043 0 0.999
834 0.923977 0 0.0760229
835 0.014789 0 0.985211
836 0.0122999 0 0.9877
837 0.0104898 0 0.98951
838 0.00680587 0 0.993194
839 0.00420321 0 0.995797
840 0.00411937 0 0.995881
841 0.00406231 0 0.995938
842 0 0.00387021 0.99613
843 0.00349704 0 0.996503
844 0 0.00345831 0.996542
845 0.00342455 0 0.996575
846 0.00311086 0 0.996889
847 0.00305852 0 0.996941
848 0.00305402 0 0.996946
849 0.00301603 0 0.996984
850 0.00285044 0 0.99715
851 0.00211254 0 0.997887
852 0.00138175 0.00209709 0.996521
853 0.0020457 0 0.997954
854 0.00183305 0 0.998167
855 0 0.00179756 0.998202
856 0 0.00178251 0.998217
857 0.00170808 0 0.998292
858 0 0.00170196 0.998298
859 0 0.00168334 0.998317
860 0.00167787 0 0.998322
861 0.00160322 0 0.998397
862 0.0016026 0 0.998397
863 0.00157922 0.00145482 0.996966
864 0 0.00155776 0.998442
865 0 0.00152326 0.998477
866 0.00149243 0 0.998508
867 0.00148958 0 0.99851
868 0.00148515 0 0.998515
869 0.00145197 0.00106443 0.997484
870 0 0.00144921 0.998551
871 0.00141038 0.0014271 0.997163
872 0.00142075 0 0.998579
873 0.00141816 0 0.998582
874 0 0.00140537 0.998595
875 0.00139887 0 0.998601
876 0 0.00135508 0.998645
877 0.0013255 0 0.998674
878 0.00132393 0 0.998676
879 0 0.00126585 0.998734
880 0.00125384 0 0.998746
881 0.0012022 0 0.998798
882 0.0011636 0 0.998836
883 0.00111307 0 0.998887
884 0.00110511 0 0.998895
885 0.00110142 0 0.998899
886 0 0.00107336 0.998927
887 0 0.00105084 0.998949
888 0 0.00103182 0.998968
889 0.0010252 0 0.998975
890 0.00102299 0 0.998977
891 0.841426 0 0.158574
892 0.0102888 0 0.989711
893 0.00593058 0 0.994069
894 0.00389305 0 0.996107
895 0 0.00328843 0.996712
896 0 0.0019837 0.998016
897 0 0.00160844 0.998392
898 0.00145145 0 0.998549
899 0.00116868 0 0.998831
900 0 0.00113173 0.998868
901 0.00112344 0 0.998877
902 0 0.00107369 0.998926
903 0.00104208 0 0.998958
