1 0 0 0 1 0 0 0 1 1 1
1.0007875909249286384 0.023581644978595894119 15.592733600976490749 -0.01454112013046159925 1.004713850305833267 -81.257985386838129216 5.0153444851014349279e-07 9.7110201947008520563e-07 1 2 1
0.99954964564281856276 0.041827021861625776622 57.91510365307820507 -0.026586502833355975944 1.006005227996395357 -90.562386766963300033 6.6692579647193880647e-07 1.2981610570868486124e-06 1 3 1
0.99809863814426802442 0.058440670882914415307 92.747569319181906167 -0.037070859801509217779 1.0067792538241948641 -94.799369583966239361 8.5916800335219369747e-07 1.5400265638162547143e-06 1 4 1
0.99642045050140559681 0.073966785838549584109 116.76178124919623258 -0.046557629719912292654 1.0066869964689066919 -76.022058308482854727 1.1867284628887642677e-06 1.5738130980008806466e-06 1 5 1
0.99486624489927077963 0.089413341042442542883 139.07879962540673091 -0.055746172018792040925 1.0064963139446838625 -54.215705463349351589 1.5766010398194325173e-06 1.6109099587846752519e-06 1 6 1
0.9929065272533412756 0.10582612792668918966 164.53486363326970832 -0.065922314377365578975 1.0060102381330078281 -29.182373797850015507 1.9280812851505359593e-06 1.6712447314774387344e-06 1 7 1
0.98995467754634902668 0.12319939843402540058 198.70970286569439622 -0.077539978613428914289 1.0045380400423866707 7.2962890566057438946 2.1765960481583838381e-06 1.6129220749023423713e-06 1 8 1
0.98589003659457330464 0.1418863997841789959 240.90665114932781421 -0.090700959966111507904 1.0019364984692060716 61.444637353543903657 2.3808664970705712472e-06 1.4125079688084352716e-06 1 9 1
0.98148388420932108911 0.15972369088490728783 280.64795221507199585 -0.10360551186802115231 0.99851861467691405139 128.45431324968160425 2.5703751861021563811e-06 1.0890464677922332737e-06 1 10 1
0.97696110129683699785 0.1772730425449336733 320.3050622980041453 -0.11604015849288593087 0.99508742315470799511 186.06105855861926557 2.7794682337714849031e-06 8.2077533594017527113e-07 1 11 1
0.97173118309835271322 0.19481914228286992263 369.79182141909427628 -0.12880856015054728547 0.99107299491788669599 250.2888897459826012 2.8723263758071492078e-06 5.4385607227021567908e-07 1 12 1
0.96648972606190974854 0.21409764661256713847 417.51682042206391543 -0.14272605561065809798 0.98734716568427605132 293.87977022401764771 3.0234382249711790621e-06 4.4619380782576140194e-07 1 13 1
0.96119263107579744343 0.23255652199862417162 449.81775521603429979 -0.15619531418454860039 0.98298949847509131672 347.09218705479770506 3.2475409300243931331e-06 2.2688790195587397912e-07 1 14 1
0.95530367181826625345 0.25128114739391654853 489.11840833367267578 -0.17023874665832658404 0.97784227462966333277 413.72286119982896935 3.4725683742717724833e-06 -6.1231116191255881838e-08 1 15 1
0.9493274959351193365 0.27075144191971656227 532.94209061226990798 -0.18451195539031317594 0.9725822990608804508 484.53892706466638174 3.7061548041513462981e-06 -2.492478669980177611e-07 1 16 1
0.94374151293202757085 0.28948356004325914714 575.45797377180451804 -0.1979203602585342392 0.96772640483221217256 528.5962845026595005 3.9927587672490075175e-06 -3.1477245470297197941e-07 1 17 1
0.93778501527322233322 0.30910707480595517316 612.46209847970055762 -0.21181397793811901353 0.96332937567576226723 545.19995568695549082 4.2090410858999628918e-06 -1.3517180760360393912e-07 1 18 1
0.93112808186189499615 0.32944101249521096086 642.59723117721443941 -0.2264711341237076736 0.95866936147098402721 544.60218335632168873 4.37311746325907692e-06 1.268404276308164088e-07 1 19 1
0.9240274014460558849 0.35014710867264536853 667.02798967927003559 -0.24144578844336991863 0.9538836205876302099 520.88171145489377523 4.5065544836014640473e-06 4.884319133425467855e-07 1 20 1
0.9169508019291444656 0.37137311301262526664 678.14889681524550724 -0.25646910747186429935 0.94917985797829795835 495.86323537649570881 4.6849099330855403314e-06 9.5822191467000292381e-07 1 21 1
0.90963653809514732895 0.39281128452470887025 696.72518889923549068 -0.27132830826676590519 0.9442933924060762374 463.68905111483269366 4.8794413182050365934e-06 1.5005613575478128251e-06 1 22 1
0.90222433283470571119 0.42053394793138293428 626.53360849792522913 -0.2913982561130483151 0.93897296383891348803 441.50380051086659705 5.5878938803860548899e-06 2.22967663928005882e-06 1 23 1
0.89540635326629203217 0.44806160116371290814 531.55407304317327544 -0.31069811008930292573 0.93399850023837416302 415.19023889874569022 6.4504083469902658975e-06 3.0452539541554423294e-06 1 24 1
0.88888631632748049682 0.46705855218882641466 524.2022919042627791 -0.32274968090949296418 0.92943472149016270745 363.30755045621236832 6.740982369589563114e-06 3.7072591307717400153e-06 1 25 1
0.88087780706982243828 0.48895440381140292674 509.17129995780948093 -0.33717082501598050204 0.92374535228570764378 312.00912669559556889 7.0444496838350387159e-06 4.4616525742765809326e-06 1 26 1
0.8734947434814793743 0.50688899889744853944 517.46104508078337858 -0.34854947319797863203 0.91891271431997312291 236.1060206515396942 7.0717049399388485763e-06 5.2130837286414626655e-06 1 27 1
0.86719621990086137586 0.52483583879720474563 504.66335343549820891 -0.35918662383998967158 0.91475798800851693127 146.16288046493127695 7.2353835086894425748e-06 6.1101374949028905488e-06 1 28 1
0.86207048715567313746 0.5429414814370083775 478.07232907687591705 -0.36943935050811010923 0.91109884860974243992 62.723853982001052998 7.579324342604848444e-06 7.0952606745553375953e-06 1 29 1
0.8566875996494798251 0.56040958000142115925 451.25750408057297136 -0.37941745461325437905 0.90706021710089257404 -16.075360519627821532 7.9073861332362869114e-06 8.0005678192337619783e-06 1 30 1
0.85079819942822831891 0.57683707972827602539 437.93582090499597825 -0.38882784310833379271 0.90244355019828492726 -88.52513515110021558 8.2092468506986975875e-06 8.7777652628866516786e-06 1 31 1
0.84416139146446000918 0.59223054638672856242 437.24142850117834769 -0.39773022292642062903 0.8969696298608439422 -144.28313701985348416 8.4027192422001997915e-06 9.4160912567852223941e-06 1 32 1
0.83716975816967797996 0.60659003648197729053 447.17458611243336009 -0.40634522974334202905 0.89068501529872701195 -179.43027956846839288 8.6160282977434533277e-06 9.8658696171378580669e-06 1 33 1
0.82243134350300317603 0.6303565912804485194 501.96704040135324476 -0.42117717744975302629 0.87690972927487609301 -193.57771963731843812 8.8992684529294797295e-06 1.0266832093376741575e-05 1 34 1
0.80510839713272008833 0.65198035770118134558 600.17781870978160441 -0.43558291200785131947 0.86045860128430284863 -175.23669196118419222 9.0543186645237033321e-06 1.0270207301897485257e-05 1 35 1
0.79473128382021918092 0.66404796117974274061 652.18488606936796259 -0.44388329232660750368 0.85102908096785223613 -167.93659909473433345 9.0348528327583965512e-06 1.0323197277827912742e-05 1 36 1
0.78416929601261631255 0.67573282545444757208 702.97884225983091255 -0.45219897671965642028 0.84112136023326122825 -153.29621836309146943 9.0735915921544495032e-06 1.0271593332078774911e-05 1 37 1
0.77364078100850031117 0.68754055553308512927 750.85042842477128033 -0.46065899856894643172 0.83093172279847404837 -131.15507129256559438 9.2160448516061830513e-06 1.0221420585831526853e-05 1 38 1
0.76218153624736040275 0.69918609502090944829 803.12846348635673621 -0.4691804799107401891 0.82015351391992974417 -102.99635797854391228 9.3081210225267842955e-06 1.0126124916871964181e-05 1 39 1
0.75053793596234963381 0.71044075250976668201 862.27381952793723485 -0.47779509668301256564 0.80874297116075433145 -70.264729041947234123 9.4546971742478464964e-06 9.9528168959484352921e-06 1 40 1
0.73793436445478022279 0.72227000051124345958 921.34280489083994325 -0.48682306734314512164 0.79703804064595462631 -52.243355612830072232 9.4676352408053933684e-06 9.8909187617032848997e-06 1 41 1
0.72468373334318547663 0.73377907612534476467 983.75297557058524944 -0.49566621149662370982 0.78482113470934444788 -34.870301122817551231 9.4253572837072857978e-06 9.8156652260837314906e-06 1 42 1
0.71179874609692483922 0.74568332877102649903 1031.9778726897923207 -0.50471759395243942503 0.77281160801038628616 -25.442529889597125248 9.4162518505883012167e-06 9.8461532835857062403e-06 1 43 1
0.69870052211779054563 0.75837797129667761098 1065.9607622555679427 -0.51432210017869151031 0.76066282879356705848 -14.82390070618164124 9.5199603723512071183e-06 9.9609428734186500408e-06 1 44 1
0.68463551010338663527 0.77078992339099083875 1113.1403035279333835 -0.52410003054845344383 0.74761361452600849642 3.3203513325163109826 9.6036445893278192315e-06 1.0006192687182875533e-05 1 45 1
0.67063017409650826917 0.78314043289465484765 1153.9289915901872519 -0.53418002546807508146 0.73408230784612960029 21.041444176275948763 9.7849122767409388605e-06 1.0027921165510112638e-05 1 46 1
0.65737312168847550353 0.79537909850017540769 1178.2231254679309131 -0.54372935586262693963 0.72137205490229361349 25.319592995642096867 1.0013160048816250109e-05 1.016886722643593024e-05 1 47 1
0.64425721281775139015 0.80886725102807022214 1178.8570964327971069 -0.5533074692863022559 0.7092448267265354378 4.4437099940538811182 1.0161562832580202427e-05 1.0615232393980536887e-05 1 48 1
0.6319235077756888419 0.82258308935032720122 1163.8292581091961893 -0.56248215836392279066 0.69775677958367254838 -33.300473558822062614 1.0352277523425357778e-05 1.120799394263867336e-05 1 49 1
0.61921810997270942956 0.83702437949286512264 1134.5395744772163198 -0.57147384361381925455 0.68652967403098408283 -81.081914657870484575 1.0435752972212110787e-05 1.2016975746734321023e-05 1 50 1
0.60655802582856765959 0.85045727147930827439 1108.1382507256153076 -0.58043825265312121164 0.675007283104008593 -125.34169063407291844 1.0564139809827590246e-05 1.2680840517108979374e-05 1 51 1
0.59369681209687674706 0.86301944124255325352 1090.3419109140611454 -0.58889318953029035075 0.66311703150071610313 -168.91327799725493719 1.067143563474849792e-05 1.3275798308999222128e-05 1 52 1
0.58007872123829040678 0.87526995564592868782 1079.2922622490762024 -0.59694841985282076635 0.65068598330764226834 -217.77555532366784519 1.0647979853004730709e-05 1.3908468754403187533e-05 1 53 1
0.56804067235396238367 0.88686838045690896681 1057.0587687031024871 -0.60422961371241667994 0.63905864927297773015 -258.19044002233556512 1.0747604330272280917e-05 1.4531444074550837288e-05 1 54 1
0.55582178773317303389 0.89823324346434962884 1028.547762813475174 -0.61018866323383225136 0.62828334621212045263 -306.02193638101095985 1.046874588543709752e-05 1.5384564340394562214e-05 1 55 1
0.54523098163421279683 0.91039816608575652168 972.14646520206963487 -0.61667707432439955451 0.61797547361762583673 -368.73941021101239812 1.0522482286583845367e-05 1.6306108598094641208e-05 1 56 1
0.53503567866008427956 0.92477977408500866563 887.5917140553790432 -0.62430698627696368241 0.60788878320957273615 -443.56505589201003659 1.0697863471001045919e-05 1.7540582298468745687e-05 1 57 1
0.52443663829305964263 0.93833624776786428434 797.71778935248403286 -0.63236263729443764614 0.5972721966021395934 -509.36419658483242756 1.0921489964020435491e-05 1.8575035346516587743e-05 1 58 1
0.51310049723420159129 0.95044490295683836667 734.87621344954754932 -0.63934908139690749262 0.58577609014168208201 -555.12725577856633663 1.1030688003601206098e-05 1.9480561782019686689e-05 1 59 1
0.50108601005137232143 0.95934379590574392349 710.04325664683119612 -0.64486758374613273315 0.57377436520442837153 -581.92653191538204283 1.1046872879703591771e-05 1.9982964669089834189e-05 1 60 1
0.48880700384340086684 0.96629561909906780404 714.63346861920354058 -0.64939516652494910787 0.56129661100059735634 -609.4350225819790694 1.0992116598379015517e-05 2.0324755212238690015e-05 1 61 1
0.47556189555555061776 0.97210824446877752703 727.09929511570146587 -0.65279133111634912723 0.54863201066209610346 -645.81358635673564095 1.0672389046303884034e-05 2.0567837156181841387e-05 1 62 1
0.4623242819461112485 0.9779128330207730313 734.62494158886124751 -0.65612910660048495703 0.53580173993975221958 -680.47007264203318755 1.0305469236017406157e-05 2.0848202740620726833e-05 1 63 1
0.4492457238703535527 0.98295153284101477453 750.83518074837240874 -0.65980925410548685317 0.52248907677507516745 -694.36404959762899125 1.0175022868276089899e-05 2.0961086783715841901e-05 1 64 1
0.43483422568386709273 0.98727632299971868068 790.78189184447353455 -0.66370546618151360363 0.50804263968680296593 -699.11730677361163089 1.0060145764715481984e-05 2.1006297211089339206e-05 1 65 1
0.4196571072003965619 0.98953442788535161956 849.66644558627797323 -0.66709662365548094698 0.49307418073102693423 -687.66291986911039658 9.8629142368573358515e-06 2.077263585211515921e-05 1 66 1
0.40564629840311638986 0.99227255798378088958 917.75059375963769526 -0.67128202805981473933 0.4778494148719457657 -673.46480951288560846 1.0065429955430743085e-05 2.0622916932520935803e-05 1 67 1
0.39112862911907819718 0.99542893147469835302 987.01329807673187133 -0.67548616691179041993 0.46236800721151050109 -669.14054836490561229 1.0214460524175920003e-05 2.0653066901319001701e-05 1 68 1
0.37624975159955409421 0.99811920621105432172 1058.7488243264035646 -0.67937942575132592715 0.44636874255729880323 -663.7685136241964301 1.0354884741770840827e-05 2.0640974462152888742e-05 1 69 1
0.31629439045874829795 1.0370548131398644731 965.78269566785547795 -0.72305826239889625651 0.3893768898032019532 -40.946580434297537465 1.4871682989597632857e-05 2.1415800650388603082e-05 1 70 1
0.2837161690812746162 1.0504612754826347931 983.78938386437187091 -0.73776534777369984219 0.35851623451865810566 154.44924059425457585 1.6123442353996421053e-05 2.1816980865048233462e-05 1 71 1
0.26477745545061837085 1.0514639536969829781 1051.6805799022938572 -0.74022968777944198049 0.34032005831544315244 161.66305658172376525 1.6063616529573574246e-05 2.1768503108252977276e-05 1 72 1
0.23803997778806940122 1.0504773731724530439 1162.8454317577441088 -0.74230656670943417907 0.31490603358785279609 174.60936023483506574 1.5846168280911256815e-05 2.1467563803089121597e-05 1 73 1
0.19453283751017155789 1.0504190739836951618 1288.6701822586603612 -0.74558711011626466192 0.27374101111323334568 157.63773602544210917 1.5428464748460319407e-05 2.15104921320621112e-05 1 74 1
0.17512594596937172686 1.0533182815748858285 1284.2791759538140468 -0.74833793971011242085 0.25570839524731314718 135.35320716799807883 1.5230663595870199195e-05 2.1967315248397273678e-05 1 75 1
0.1549668362853358905 1.0562028297154302248 1278.7999601507478928 -0.75110116262528914266 0.23698355251767358465 119.55455001071197785 1.5074109502491303008e-05 2.2479096632716422284e-05 1 76 1
0.13488867689637162872 1.0576779239657898568 1288.5399159241967482 -0.75307220987637080167 0.21810423497883224542 104.9895972607141772 1.4958716928516840896e-05 2.2870993070817906577e-05 1 77 1
0.11567624561394035387 1.0567335207264965113 1307.0649230041587998 -0.75410784747738335287 0.19983767324437415325 82.158777230135626723 1.4894271134579460704e-05 2.2892144038888747243e-05 1 78 1
0.086251174893082815931 1.0628619850005927017 1298.9143410297431274 -0.76103202241948175732 0.17197808092783631317 180.57585438443834391 1.5512692774224491664e-05 2.3675719504867414873e-05 1 79 1
0.063371376129280398981 1.0681649977575502497 1247.0079330083858622 -0.76534722845255531709 0.15024750109875692483 188.81845916050966139 1.5671715579222683369e-05 2.4713924845817678228e-05 1 80 1
0.043668710619314689281 1.0692211009912875319 1225.6312992549981118 -0.76671841766038706378 0.13124466168078208206 159.72712503680813256 1.565343618819081567e-05 2.5329467211318855467e-05 1 81 1
0.022663604974738120468 1.0681781831721370857 1222.3605982276280884 -0.76675151369450944561 0.11165905298196153461 132.45934679441225512 1.5327222398013221034e-05 2.5824499006914655643e-05 1 82 1
0.0016486140471409817254 1.0648675598633159378 1231.4138151594465853 -0.76628422472395629761 0.091671145987909499753 104.001935702243685 1.5285946496077311814e-05 2.5898541848915665974e-05 1 83 1
-0.017078095500024394887 1.0604986028052501013 1241.7838372279063606 -0.76597369343160359723 0.072988637413111567831 87.313042218889464152 1.5656805290750936305e-05 2.5659136086134714166e-05 1 84 1
-0.035936843124718662046 1.0568298210131128467 1249.7472844635647107 -0.76514669625107900597 0.054146405503228862977 68.549327467973640182 1.5739605091576033206e-05 2.5822559045730885551e-05 1 85 1
-0.054616813836470094745 1.0522418029034779074 1262.2207887584936543 -0.76343776548562825024 0.03555462342106190804 45.702752743677571345 1.5780737870959453596e-05 2.5940164244188286682e-05 1 86 1
-0.072603598521574469471 1.0480696350621765411 1262.9233376706831677 -0.76163727964416272354 0.017448306214622906485 25.237361634901141372 1.5795952000171142572e-05 2.6187983107568401091e-05 1 87 1
-0.090092921320780700034 1.044706684657176865 1248.6845737191522403 -0.76034658421917422633 -0.00076368053035145565689 4.9831167240927713991 1.6048697823405663998e-05 2.6568807681573539418e-05 1 88 1
-0.10778714487433423141 1.0422310356229729233 1221.890272188687959 -0.75909665708227203051 -0.019235523653919776865 -9.9634043182220626278 1.6152227903836343618e-05 2.7207045811148564482e-05 1 89 1
-0.12657875474764435086 1.0386682482032492114 1189.3286038606738657 -0.75741976847398884143 -0.038463387863342399231 -32.091692462784834561 1.6295213109622839711e-05 2.7744389216030225227e-05 1 90 1
-0.16755431032785145229 1.024321629548627266 1439.4780235271050515 -0.75523292215012072237 -0.077061622630609782902 183.92487554016508966 1.7767687109397859721e-05 2.7082693948072226054e-05 1 91 1
-0.18799930911668710776 1.0126300473548013326 1507.6498570238238699 -0.7491732023951462871 -0.096992586127321395173 159.44277093010884983 1.7786262336022725923e-05 2.6835817630701096367e-05 1 92 1
-0.20507214382248567519 1.0040005536543241682 1519.7260957931896428 -0.74444465351331257086 -0.11454338461846018393 116.58975512567826627 1.7919380938769880108e-05 2.6998128598627065786e-05 1 93 1
-0.22219205762954072347 0.99486910315627929968 1529.5011039694256851 -0.73960852048909986323 -0.13208668895624084416 75.290165066399438842 1.8033154009211913157e-05 2.7160777000268058459e-05 1 94 1
-0.24026021826965554551 0.98427621653019758963 1551.7012399671366438 -0.73353900405214078617 -0.15025977850320110241 35.189185183570060644 1.7913500360232562347e-05 2.7271372579947966301e-05 1 95 1
-0.25849506127821209045 0.9715758967415066838 1603.4592067208748176 -0.72629639638178089545 -0.16821702425258824865 -1.5823248563730623051 1.7659658915223820646e-05 2.7189810247852874638e-05 1 96 1
-0.27671746672579056181 0.95540788716961211335 1679.926544636742392 -0.71758718827392642403 -0.18575130168926667906 -48.447946479050493451 1.7416844702817028923e-05 2.6653998148009477187e-05 1 97 1
-0.29482129842297916111 0.93923469602257292355 1759.0871957812858 -0.70847430317756976415 -0.2034319834715695996 -98.836925181591013256 1.7133834299761234628e-05 2.6289568483156628206e-05 1 98 1
-0.31427101498554221859 0.92268190352863110881 1831.6193391455331039 -0.69806839471088499849 -0.22187978269548749855 -153.50817426965875256 1.6394778889807339398e-05 2.6111744976732918875e-05 1 99 1
-0.33367518090486225635 0.90653199498392489364 1895.3212902134084743 -0.68919089020918966604 -0.24100860060407497398 -209.639447831151017 1.6135815727506396672e-05 2.6122958557479584898e-05 1 100 1
-0.35369856609113525803 0.88986769170258894768 1938.791999983795904 -0.6794713401117048468 -0.26018847543730405647 -262.99004619398220939 1.5805249314515638768e-05 2.6061481080589986645e-05 1 101 1
-0.3728224749341744193 0.87081002665716078504 1998.4134619605108583 -0.66900033850962414839 -0.27834979616919125478 -316.88908480111780364 1.573728423295893495e-05 2.5616550757357394195e-05 1 102 1
-0.39245967536428710831 0.85008034585026726049 2057.4996315298158152 -0.65691407642350163609 -0.29626747613006670923 -379.59618149091454598 1.5351456160512577437e-05 2.5060746426255291598e-05 1 103 1
-0.41039991302951478458 0.82870359179387309556 2116.1449270980219808 -0.64478682035451873045 -0.3132893075770861735 -445.01327808295422983 1.5323746806370577855e-05 2.4352545420294462744e-05 1 104 1
-0.42871309058536111181 0.80706251696538999774 2173.0716973665521436 -0.631748041754181755 -0.32979742889081226087 -509.04207229930977974 1.4929930647954174869e-05 2.374540411124639923e-05 1 105 1
-0.44833688790814563152 0.78638518873305451873 2210.6759469667522353 -0.61780367338364072793 -0.34714545893401671517 -569.80560768560610541 1.4199057351101172274e-05 2.353199873065361426e-05 1 106 1
-0.47017298155447395658 0.76446271968665380214 2239.7575805144333572 -0.6015428747324179648 -0.36521000764473898759 -634.03960594346574453 1.2909473696053830747e-05 2.3476345797146363077e-05 1 107 1
-0.4932526958184428878 0.74260461570718749869 2276.834126666242355 -0.58390644487318876799 -0.38489598923237960948 -700.32555118532604865 1.1107710501181130636e-05 2.398289227843401937e-05 1 108 1
-0.51401737419701920562 0.71837984070557459049 2308.9388183497576392 -0.56738284418583995183 -0.40241538763035089588 -768.16753897425599007 1.0163268287496703094e-05 2.374467467719288232e-05 1 109 1
-0.53785678836570138817 0.69586200731670755371 2315.458097840854407 -0.55151688585397906639 -0.42526284843161116234 -776.55196575723039132 9.6750059546022115314e-06 2.4272239545198165129e-05 1 110 1
-0.5641365165669981474 0.67650462610751793679 2253.6371472941632419 -0.53416750747547769862 -0.44946034941834545062 -763.10782804378573019 8.0301614197075830753e-06 2.5593799334021323191e-05 1 111 1
-0.60525552666598814167 0.6322561733255730454 2239.3878951644364861 -0.49898316205083004249 -0.48334476925512104284 -830.22721526890325094 4.8704524961490573061e-06 2.6241149114843287648e-05 1 112 1
-0.65599571871436246351 0.56501211821012253811 2192.4976521429466629 -0.45018693423535705023 -0.52339783264158779019 -963.08299359303350684 8.9149549009553875916e-07 2.6074878499165589054e-05 1 113 1
-0.67116581110674278232 0.53802578197815464911 2170.2656639107813135 -0.43386735848910085167 -0.53919951349245998085 -1020.3766887595930939 1.1896190916968054261e-06 2.605817846838374494e-05 1 114 1
