201503.20150518.100654376.312316.png 467 201501
201503.20150523.165351759.1008607.png 467 201501
201503.20150528.091249022.294190.png 185 201502 line 756 214.66666666666666 913.3333333333334 236
201503.20150528.091249022.294190.png 185 201502 line 420 582.6666666666666 460 485.3333333333333
201503.20150602.183530906.204875.png 469 201501 
201503.20150602.183530906.204875.png 197 201501 line 901.3333333333334 974.4166666666666 1018.6666666666666 861.0833333333334
201503.20150602.183530906.204875.png 468 201501 
201503.20150602.183530906.204875.png 467 201501 
201503.20150614.232703383.68557.png 467 201501 
201503.20150614.232703383.68557.png 469 201501
